Source Voltage,Measured Current
-1.00000000,-0.00000004
-0.96000000,0.00000004
-0.92000000,0.00000000
-0.88000000,0.00000001
-0.84000000,0.00000000
-0.80000000,0.00000003
-0.76000000,-0.00000002
-0.72000000,-0.00000003
-0.68000000,-0.00000004
-0.64000000,-0.00000004
-0.60000000,-0.00000004
-0.56000000,-0.00000004
-0.52000000,-0.00000004
-0.48000000,-0.00000004
-0.44000000,-0.00000004
-0.40000000,-0.00000003
-0.36000000,-0.00000004
-0.32000000,-0.00000003
-0.28000000,-0.00000002
-0.24000000,-0.00000002
-0.20000000,-0.00000004
-0.16000000,0.00000000
-0.12000000,0.00000002
-0.08000000,0.00000002
-0.04000000,0.00000003
0.00000000,0.00000003
0.04000000,0.00000003
0.08000000,0.00000004
0.12000000,0.00000003
0.16000000,0.00000004
0.20000000,0.00000007
0.24000000,0.00000010
0.28000000,0.00000025
0.32000000,0.00000066
0.36000000,0.00000187
0.40000000,0.00000582
0.44000000,0.00001741
0.48000000,0.00004926
0.52000000,0.00010000
0.56000000,0.00010000
0.60000000,0.00010000
0.64000000,0.00010000
0.68000000,0.00010000
0.72000000,0.00010000
0.76000000,0.00010000
0.80000000,0.00010000
0.84000000,0.00010000
0.88000000,0.00010000
0.92000000,0.00010000
0.96000000,0.00010000
1.00000000,0.00010000
